350537243 59729
359493437 29760
126335257 13616
301781472 9646
122509 8364
4885395 9606
359493429 29760
332660704 3702
221122853 6085
323668297 59729
4504351 9606
51510893 9606
4885393 9606
110831901 9646
122723 9031
47086345 7955
52346092 8364
261245058 9823
126723457 9986
298705122 2880
122524 8364
326929267 9103
167621441 9796
17985949 10116
47271417 7955
413954503 4577
389642573 318829
122315 9031
335294382 9823
334333440 13616
73988388 9615
6715607 9606
392344514 10116
301780854 9646
73915350 9031
345801505 9615
413956476 4577
326929282 9103
27819608 9913
338727057 9796
159126192 451804
189095245 10090
311263245 9823
145301578 10090
29135335 9913
54112059 9646
17366966 3218
359483050 29760
345788420 9615
350581854 9823
52346090 8364
6754162 10090
33239411 10090
25742840 10116
359319827 9615
281211084 670386
359486955 29760
359072986 9913
417052 5911
326913994 9103
17432970 3702
281500873 9103
6981010 10116
62288148 9646
328872031 261658
4504349 9606
255683515 9796
52345706 8364
122537 8364
292612125 7955
301753353 9646
28302131 9606
326929269 9103
301792947 9646
284005431 9986
225430075 29760
67078538 10116
17432971 3702
189525896 7955
359319829 9615
139947644 9913
197129413 59729
126334026 13616
284005427 9986
91089689 7070
6680179 10090
413956477 4577
160333251 9913
297483110 9913
126328129 13616
74136527 13616
281500874 9103
14165163 3702
197129411 59729
47523946 9823
392344542 10116
11288516 5141
334333444 13616
122783 9031
62632719 7955
86280 9031
345788418 9615
150864925 4924
146149272 9796
164448687 10116
34098940 7955
122303 8364
