5478
5207
4959
6035
33169
28985
318829
5141
4932
4924
4896
237631
4952
451804
5865
5833
5850
352914
5911
1172189
670386
44689
261658
81972
3702
161934
15368
3708
3712
3711
3719
3055
554065
248742
3369
3656
3659
4039
3847
3635
4232
112509
4236
34305
3880
38833
4097
4146
4529
4530
242159
70448
3885
3218
3332
3339
3888
3694
3988
88036
37657
4081
4113
4558
3562
3641
4565
29760
3067
4577
2880
403677
7029
7159
9646
28377
7165
7460
9913
6334
6238
6239
9615
7955
7227
9796
9031
9606
6085
9103
13616
10090
7425
9258
9986
10116
10224
7668
9823
59729
7070
8364
5660
5671
5664
5691
5693