228908
190192
338192
2287
273063
368408
397948
985053
572478
410359
444157
384616
340102
178306
415426
453591
272557
591019
399550
633148
765177
490899
399549
43080
330779
583356
933801
1006006
999630
186497
70601
272844
69014
604354
391623
523850
593117
246969
342949
529709
339860
523846
79929
187420
634498
2173
868132
868131
243232
573063
579137
573064
644281
647113
419665
456320
406327
39152
880724
273116
273075
263820
333146
224325
589924
572546
693661
192952
323259
349307
644295
547558
259564
269797
188937
410358
679926
368407
521011
456442
2242
348780
272569
416348
469382
309800
797209
795797
547559
543526
519442
485914
362976
797210