234267
204669
770
212042
283165
29459
314261
269484
314225
290633
290400
266835
323098
279238
1063
1076
269796
257363
542
62928
269483
243365
159087
485
323848
264198
292415
267748
243273
134821
272633
265311
322098
246194
49338
264732
1488
1502
1314
66692
272558
235909
1590
314315
221109
851
34105
62977
9
203907
291272
167879
263
233412
349521
283942
446
243233
1229
74109
228
317
259536
623
317025
36870
562
265606
521674
290434
173
158
160
243274
391009
216816
257309
196164
38289
106370
281090
1769
247156
1747
100226
269800
2039
813
83555
340177
194439
243164
255470
216389
479434
251221
1219
32046
316279
321332
1148
197221
243230
274
264462
876
338963
351604
197
235279
210
224324
436114
146919
402612