9
158
160
173
197
210
228
263
274
317
446
485
542
562
623
770
813
851
876
1063
1076
1148
1219
1229
1314
1488
1502
1590
1747
1769
2039
2173
2242
2287
2880
3055
3067
3218
3332
3339
3369
3562
3635
3641
3656
3659
3694
3702
3708
3711
3712
3719
3847
3880
3885
3888
3988
4039
4081
4097
4113
4146
4232
4236
4529
4530
4558
4565
4577
4896
4924
4932
4952
4959
5141
5207
5478
5660
5664
5671
5691
5693
5833
5850
5865
5911
6035
6085
6238
6239
7029
7070
7159
7165
7227
7425
7460
7668
7955
8364
9031
9103
9258
9606
9615
9646
9796
9823
9913
9986
10090
10116
10224
13616
15368
28377
28985
29459
29760
32046
33169
34105
34305
36870
37657
38289
38833
39152
43080
44689
49338
59729
62928
62977
66692
69014
70448
70601
74109
79929
81972
83555
88036
100226
106370
112509
134821
146919
159087
161934
167879
178306
186497
187420
188937
190192
192952
194439
196164
197221
203907
204669
212042
216389
216816
221109
224324
224325
228908
233412
234267
235279
235909
237631
242159
243164
243230
243232
243233
243273
243274
243365
246194
246969
247156
248742
251221
255470
257309
257363
259536
259564
261658
263820
264198
264462
264732
265311
265606
266835
267748
269483
269484
269796
269797
269800
272557
272558
272569
272633
272844
273063
273075
273116
279238
281090
283165
283942
290400
290434
290633
291272
292415
309800
314225
314261
314315
316279
317025
318829
321332
322098
323098
323259
323848
330779
333146
338192
338963
339860
340102
340177
342949
348780
349307
349521
351604
352914
362976
368407
368408
384616
391009
391623
397948
399549
399550
402612
403677
406327
410358
410359
415426
416348
419665
436114
444157
453591
456320
456442
469382
479434
485914
490899
519442
521011
521674
523846
523850
529709
543526
547558
547559
554065
572478
572546
573063
573064
579137
583356
589924
591019
593117
604354
633148
634498
644281
644295
647113
679926
693661
765177
795797
797209
797210
868131
868132
880724
933801
985053
999630
1006006